0.3 2.125 2.8 2.875
0.3 7.125 2.8 7.875
0.3 12.125 2.8 12.875
0.3 17.125 2.8 17.875
0.3 22.125 2.8 22.875
0.3 27.125 2.8 27.875
0.3 32.125 2.8 32.875
0.3 37.125 2.8 37.875
0.3 42.125 2.8 42.875
0.3 47.125 2.8 47.875
0.3 52.125 2.8 52.875
0.3 57.125 2.8 57.875
0.3 62.125 2.8 62.875
0.3 67.125 2.8 67.875
0.3 72.125 2.8 72.875
0.3 77.125 2.8 77.875
0.3 82.125 2.8 82.875
0.3 87.125 2.8 87.875
0.3 92.125 2.8 92.875
0.3 97.125 2.8 97.875
3.24 2.125 5.74 2.875
3.24 7.125 5.74 7.875
3.24 12.125 5.74 12.875
3.24 17.125 5.74 17.875
3.24 22.125 5.74 22.875
3.24 27.125 5.74 27.875
3.24 32.125 5.74 32.875
3.24 37.125 5.74 37.875
3.24 42.125 5.74 42.875
3.24 47.125 5.74 47.875
3.24 52.125 5.74 52.875
3.24 57.125 5.74 57.875
3.24 62.125 5.74 62.875
3.24 67.125 5.74 67.875
3.24 72.125 5.74 72.875
3.24 77.125 5.74 77.875
3.24 82.125 5.74 82.875
3.24 87.125 5.74 87.875
3.24 92.125 5.74 92.875
3.24 97.125 5.74 97.875
6.3 2.125 8.8 2.875
6.3 7.125 8.8 7.875
6.3 12.125 8.8 12.875
6.3 17.125 8.8 17.875
6.3 22.125 8.8 22.875
6.3 27.125 8.8 27.875
6.3 32.125 8.8 32.875
6.3 37.125 8.8 37.875
6.3 42.125 8.8 42.875
6.3 47.125 8.8 47.875
6.3 52.125 8.8 52.875
6.3 57.125 8.8 57.875
6.3 62.125 8.8 62.875
6.3 67.125 8.8 67.875
6.3 72.125 8.8 72.875
6.3 77.125 8.8 77.875
6.3 82.125 8.8 82.875
6.3 87.125 8.8 87.875
6.3 92.125 8.8 92.875
6.3 97.125 8.8 97.875
9.26 2.125 11.76 2.875
9.26 7.125 11.76 7.875
9.26 12.125 11.76 12.875
9.26 17.125 11.76 17.875
9.26 22.125 11.76 22.875
9.26 27.125 11.76 27.875
9.26 32.125 11.76 32.875
9.26 37.125 11.76 37.875
9.26 42.125 11.76 42.875
9.26 47.125 11.76 47.875
9.26 52.125 11.76 52.875
9.26 57.125 11.76 57.875
9.26 62.125 11.76 62.875
9.26 67.125 11.76 67.875
9.26 72.125 11.76 72.875
9.26 77.125 11.76 77.875
9.26 82.125 11.76 82.875
9.26 87.125 11.76 87.875
9.26 92.125 11.76 92.875
9.26 97.125 11.76 97.875
12.205 2.125 14.705 2.875
12.205 7.125 14.705 7.875
12.205 12.125 14.705 12.875
12.205 17.125 14.705 17.875
12.205 22.125 14.705 22.875
12.205 27.125 14.705 27.875
12.205 32.125 14.705 32.875
12.205 37.125 14.705 37.875
12.205 42.125 14.705 42.875
12.205 47.125 14.705 47.875
12.205 52.125 14.705 52.875
12.205 57.125 14.705 57.875
12.205 62.125 14.705 62.875
12.205 67.125 14.705 67.875
12.205 72.125 14.705 72.875
12.205 77.125 14.705 77.875
12.205 82.125 14.705 82.875
12.205 87.125 14.705 87.875
12.205 92.125 14.705 92.875
12.205 97.125 14.705 97.875
15.1725 2.125 17.6725 2.875
15.1725 7.125 17.6725 7.875
15.1725 12.125 17.6725 12.875
15.1725 17.125 17.6725 17.875
15.1725 22.125 17.6725 22.875
15.1725 27.125 17.6725 27.875
15.1725 32.125 17.6725 32.875
15.1725 37.125 17.6725 37.875
15.1725 42.125 17.6725 42.875
15.1725 47.125 17.6725 47.875
15.1725 52.125 17.6725 52.875
15.1725 57.125 17.6725 57.875
15.1725 62.125 17.6725 62.875
15.1725 67.125 17.6725 67.875
15.1725 72.125 17.6725 72.875
15.1725 77.125 17.6725 77.875
15.1725 82.125 17.6725 82.875
15.1725 87.125 17.6725 87.875
15.1725 92.125 17.6725 92.875
15.1725 97.125 17.6725 97.875
18.105 2.125 20.605 2.875
18.105 7.125 20.605 7.875
18.105 12.125 20.605 12.875
18.105 17.125 20.605 17.875
18.105 22.125 20.605 22.875
18.105 27.125 20.605 27.875
18.105 32.125 20.605 32.875
18.105 37.125 20.605 37.875
18.105 42.125 20.605 42.875
18.105 47.125 20.605 47.875
18.105 52.125 20.605 52.875
18.105 57.125 20.605 57.875
18.105 62.125 20.605 62.875
18.105 67.125 20.605 67.875
18.105 72.125 20.605 72.875
18.105 77.125 20.605 77.875
18.105 82.125 20.605 82.875
18.105 87.125 20.605 87.875
18.105 92.125 20.605 92.875
18.105 97.125 20.605 97.875
21.0575 2.125 23.5575 2.875
21.0575 7.125 23.5575 7.875
21.0575 12.125 23.5575 12.875
21.0575 17.125 23.5575 17.875
21.0575 22.125 23.5575 22.875
21.0575 27.125 23.5575 27.875
21.0575 32.125 23.5575 32.875
21.0575 37.125 23.5575 37.875
21.0575 42.125 23.5575 42.875
21.0575 47.125 23.5575 47.875
21.0575 52.125 23.5575 52.875
21.0575 57.125 23.5575 57.875
21.0575 62.125 23.5575 62.875
21.0575 67.125 23.5575 67.875
21.0575 72.125 23.5575 72.875
21.0575 77.125 23.5575 77.875
21.0575 82.125 23.5575 82.875
21.0575 87.125 23.5575 87.875
21.0575 92.125 23.5575 92.875
21.0575 97.125 23.5575 97.875
24.0125 2.125 26.5125 2.875
24.0125 7.125 26.5125 7.875
24.0125 12.125 26.5125 12.875
24.0125 17.125 26.5125 17.875
24.0125 22.125 26.5125 22.875
24.0125 27.125 26.5125 27.875
24.0125 32.125 26.5125 32.875
24.0125 37.125 26.5125 37.875
24.0125 42.125 26.5125 42.875
24.0125 47.125 26.5125 47.875
24.0125 52.125 26.5125 52.875
24.0125 57.125 26.5125 57.875
24.0125 62.125 26.5125 62.875
24.0125 67.125 26.5125 67.875
24.0125 72.125 26.5125 72.875
24.0125 77.125 26.5125 77.875
24.0125 82.125 26.5125 82.875
24.0125 87.125 26.5125 87.875
24.0125 92.125 26.5125 92.875
24.0125 97.125 26.5125 97.875
26.9725 2.125 29.4725 2.875
26.9725 7.125 29.4725 7.875
26.9725 12.125 29.4725 12.875
26.9725 17.125 29.4725 17.875
26.9725 22.125 29.4725 22.875
26.9725 27.125 29.4725 27.875
26.9725 32.125 29.4725 32.875
26.9725 37.125 29.4725 37.875
26.9725 42.125 29.4725 42.875
26.9725 47.125 29.4725 47.875
26.9725 52.125 29.4725 52.875
26.9725 57.125 29.4725 57.875
26.9725 62.125 29.4725 62.875
26.9725 67.125 29.4725 67.875
26.9725 72.125 29.4725 72.875
26.9725 77.125 29.4725 77.875
26.9725 82.125 29.4725 82.875
26.9725 87.125 29.4725 87.875
26.9725 92.125 29.4725 92.875
26.9725 97.125 29.4725 97.875
29.95 2.125 32.45 2.875
29.95 7.125 32.45 7.875
29.95 12.125 32.45 12.875
29.95 17.125 32.45 17.875
29.95 22.125 32.45 22.875
29.95 27.125 32.45 27.875
29.95 32.125 32.45 32.875
29.95 37.125 32.45 37.875
29.95 42.125 32.45 42.875
29.95 47.125 32.45 47.875
29.95 52.125 32.45 52.875
29.95 57.125 32.45 57.875
29.95 62.125 32.45 62.875
29.95 67.125 32.45 67.875
29.95 72.125 32.45 72.875
29.95 77.125 32.45 77.875
29.95 82.125 32.45 82.875
29.95 87.125 32.45 87.875
29.95 92.125 32.45 92.875
29.95 97.125 32.45 97.875
32.9225 2.125 35.4225 2.875
32.9225 7.125 35.4225 7.875
32.9225 12.125 35.4225 12.875
32.9225 17.125 35.4225 17.875
32.9225 22.125 35.4225 22.875
32.9225 27.125 35.4225 27.875
32.9225 32.125 35.4225 32.875
32.9225 37.125 35.4225 37.875
32.9225 42.125 35.4225 42.875
32.9225 47.125 35.4225 47.875
32.9225 52.125 35.4225 52.875
32.9225 57.125 35.4225 57.875
32.9225 62.125 35.4225 62.875
32.9225 67.125 35.4225 67.875
32.9225 72.125 35.4225 72.875
32.9225 77.125 35.4225 77.875
32.9225 82.125 35.4225 82.875
32.9225 87.125 35.4225 87.875
32.9225 92.125 35.4225 92.875
32.9225 97.125 35.4225 97.875
35.8575 2.125 38.3575 2.875
35.8575 7.125 38.3575 7.875
35.8575 12.125 38.3575 12.875
35.8575 17.125 38.3575 17.875
35.8575 22.125 38.3575 22.875
35.8575 27.125 38.3575 27.875
35.8575 32.125 38.3575 32.875
35.8575 37.125 38.3575 37.875
35.8575 42.125 38.3575 42.875
35.8575 47.125 38.3575 47.875
35.8575 52.125 38.3575 52.875
35.8575 57.125 38.3575 57.875
35.8575 62.125 38.3575 62.875
35.8575 67.125 38.3575 67.875
35.8575 72.125 38.3575 72.875
35.8575 77.125 38.3575 77.875
35.8575 82.125 38.3575 82.875
35.8575 87.125 38.3575 87.875
35.8575 92.125 38.3575 92.875
35.8575 97.125 38.3575 97.875
38.8175 2.125 41.3175 2.875
38.8175 7.125 41.3175 7.875
38.8175 12.125 41.3175 12.875
38.8175 17.125 41.3175 17.875
38.8175 22.125 41.3175 22.875
38.8175 27.125 41.3175 27.875
38.8175 32.125 41.3175 32.875
38.8175 37.125 41.3175 37.875
38.8175 42.125 41.3175 42.875
38.8175 47.125 41.3175 47.875
38.8175 52.125 41.3175 52.875
38.8175 57.125 41.3175 57.875
38.8175 62.125 41.3175 62.875
38.8175 67.125 41.3175 67.875
38.8175 72.125 41.3175 72.875
38.8175 77.125 41.3175 77.875
38.8175 82.125 41.3175 82.875
38.8175 87.125 41.3175 87.875
38.8175 92.125 41.3175 92.875
38.8175 97.125 41.3175 97.875
41.8 2.125 44.3 2.875
41.8 7.125 44.3 7.875
41.8 12.125 44.3 12.875
41.8 17.125 44.3 17.875
41.8 22.125 44.3 22.875
41.8 27.125 44.3 27.875
41.8 32.125 44.3 32.875
41.8 37.125 44.3 37.875
41.8 42.125 44.3 42.875
41.8 47.125 44.3 47.875
41.8 52.125 44.3 52.875
41.8 57.125 44.3 57.875
41.8 62.125 44.3 62.875
41.8 67.125 44.3 67.875
41.8 72.125 44.3 72.875
41.8 77.125 44.3 77.875
41.8 82.125 44.3 82.875
41.8 87.125 44.3 87.875
41.8 92.125 44.3 92.875
41.8 97.125 44.3 97.875
44.7925 2.125 47.2925 2.875
44.7925 7.125 47.2925 7.875
44.7925 12.125 47.2925 12.875
44.7925 17.125 47.2925 17.875
44.7925 22.125 47.2925 22.875
44.7925 27.125 47.2925 27.875
44.7925 32.125 47.2925 32.875
44.7925 37.125 47.2925 37.875
44.7925 42.125 47.2925 42.875
44.7925 47.125 47.2925 47.875
44.7925 52.125 47.2925 52.875
44.7925 57.125 47.2925 57.875
44.7925 62.125 47.2925 62.875
44.7925 67.125 47.2925 67.875
44.7925 72.125 47.2925 72.875
44.7925 77.125 47.2925 77.875
44.7925 82.125 47.2925 82.875
44.7925 87.125 47.2925 87.875
44.7925 92.125 47.2925 92.875
44.7925 97.125 47.2925 97.875
